0.000000000000000000e+00
0.000000000000000000e+00
0.000000000000000000e+00
3.497154926958553123e+00
3.497154926958554899e+00
3.497154926958556675e+00
3.497154926958557564e+00
3.497154926958557564e+00
3.497154926958557564e+00
3.497154926958558008e+00
3.497154926958558008e+00
3.497154926958559340e+00
3.497154926958559784e+00
3.497154926958559784e+00
3.497154926958562005e+00
4.125018907260042944e+00
4.125018907260046497e+00
4.125018907260046497e+00
4.125018907260048273e+00
4.125018907260049161e+00
4.125018907260049161e+00
4.125018907260050050e+00
4.125018907260050050e+00
4.125018907260050050e+00
4.125018907260050050e+00
4.125018907260050050e+00
4.125018907260052714e+00
4.641791967826266685e+00
4.641791967826268461e+00
4.641791967826268461e+00
4.641791967826269349e+00
4.641791967826270238e+00
4.641791967826270238e+00
4.641791967826270238e+00
4.641791967826270238e+00
4.641791967826270238e+00
4.641791967826271126e+00
4.641791967826272014e+00
4.641791967826272902e+00
5.486042527876176855e+00
5.486042527876177743e+00
5.486042527876177743e+00
5.486042527876177743e+00
5.486042527876178632e+00
5.486042527876178632e+00
5.486042527876179520e+00
5.486042527876181296e+00
5.503461651883304384e+00
5.503461651883304384e+00
5.503461651883304384e+00
5.503461651883305272e+00
5.503461651883306160e+00
5.503461651883306160e+00
5.503461651883306160e+00
5.503461651883306160e+00
5.503461651883307937e+00
5.503461651883307937e+00
5.503461651883307937e+00
5.503461651883308825e+00
5.503461651883308825e+00
5.503461651883308825e+00
5.503461651883308825e+00
5.503461651883309713e+00
5.663457173600030536e+00
5.663457173600032313e+00
5.663457173600033201e+00
5.663457173600033201e+00
5.663457173600033201e+00
5.663457173600033201e+00
5.663457173600034089e+00
5.663457173600034977e+00
5.663457173600034977e+00
5.663457173600034977e+00
5.663457173600034977e+00
5.663457173600034977e+00
5.674712813402195799e+00
5.674712813402195799e+00
5.674712813402198464e+00
5.674712813402199352e+00
5.674712813402199352e+00
5.674712813402199352e+00
6.050223040890744919e+00
6.050223040890745807e+00
6.050223040890745807e+00
6.050223040890745807e+00
6.050223040890745807e+00
6.050223040890746695e+00
6.050223040890746695e+00
6.050223040890746695e+00
6.050223040890748472e+00
6.050223040890748472e+00
6.050223040890748472e+00
6.050223040890751136e+00
6.507536010430376550e+00
6.507536010430377438e+00
6.507536010430377438e+00
6.507536010430379214e+00
6.507536010430379214e+00
6.507536010430379214e+00
6.507536010430379214e+00
6.507536010430379214e+00
6.507536010430379214e+00
6.507536010430380102e+00
6.507536010430380102e+00
6.507536010430381879e+00
7.240847682475473057e+00
7.240847682475473057e+00
7.240847682475474834e+00
7.240847682475474834e+00
7.240847682475475722e+00
7.240847682475475722e+00
7.240847682475475722e+00
7.240847682475475722e+00
7.240847682475476610e+00
7.240847682475476610e+00
7.240847682475476610e+00
7.240847682475479274e+00
7.297903430701278005e+00
7.297903430701278893e+00
7.297903430701278893e+00
7.297903430701278893e+00
7.297903430701279781e+00
7.297903430701279781e+00
7.297903430701279781e+00
7.297903430701279781e+00
7.297903430701282446e+00
7.297903430701282446e+00
7.297903430701282446e+00
7.297903430701282446e+00
7.297903430701282446e+00
7.297903430701282446e+00
7.297903430701283334e+00
7.297903430701283334e+00
7.311006908759258849e+00
7.311006908759259737e+00
7.311006908759259737e+00
7.311006908759259737e+00
7.311006908759260625e+00
7.311006908759261513e+00
7.311006908759261513e+00
7.311006908759264178e+00
7.755693765413185226e+00
7.755693765413186114e+00
7.755693765413187002e+00
7.894320607784349519e+00
7.894320607784351296e+00
7.894320607784351296e+00
7.894320607784352184e+00
7.894320607784352184e+00
7.894320607784356625e+00
8.215159239647105593e+00
8.215159239647105593e+00
8.215159239647105593e+00
8.215159239647105593e+00
8.215159239647107370e+00
8.215159239647107370e+00
8.215159239647109146e+00
8.215159239647110923e+00
8.215159239647110923e+00
8.215159239647110923e+00
8.215159239647110923e+00
8.215159239647112699e+00
