0.000000e+00 6.491351e-33
1.000000e+00 3.055502e-03
2.000000e+00 4.104361e-03
3.000000e+00 2.123538e-03
4.000000e+00 2.935449e-03
5.000000e+00 2.696111e-03
6.000000e+00 1.941820e-03
7.000000e+00 2.202699e-03
8.000000e+00 1.935532e-03
9.000000e+00 2.804983e-03
1.000000e+01 1.796740e-03
1.100000e+01 2.776927e-03
1.200000e+01 1.449822e-03
1.300000e+01 1.514908e-03
1.400000e+01 1.691739e-03
1.500000e+01 1.800394e-03
1.600000e+01 2.428468e-03
1.700000e+01 9.975515e-04
1.800000e+01 2.327432e-03
1.900000e+01 1.591895e-03
2.000000e+01 1.589071e-03
2.100000e+01 8.624792e-04
2.200000e+01 1.004477e-03
2.300000e+01 7.148908e-04
2.400000e+01 8.765681e-04
2.500000e+01 5.195629e-04
2.600000e+01 4.676818e-04
2.700000e+01 4.347604e-04
2.800000e+01 2.912647e-04
2.900000e+01 4.012763e-04
3.000000e+01 3.468805e-04
3.100000e+01 3.360122e-04
3.200000e+01 1.698584e-04
3.300000e+01 1.350909e-04
3.400000e+01 1.716588e-04
3.500000e+01 1.396695e-04
3.600000e+01 1.147120e-04
3.700000e+01 7.694712e-05
3.800000e+01 8.196256e-05
3.900000e+01 7.372307e-05
4.000000e+01 6.037517e-05
4.100000e+01 4.636005e-05
4.200000e+01 5.442685e-05
4.300000e+01 4.995081e-05
4.400000e+01 4.893104e-05
4.500000e+01 3.964905e-05
4.600000e+01 3.657430e-05
4.700000e+01 2.777715e-05
4.800000e+01 2.824375e-05
4.900000e+01 2.494415e-05
5.000000e+01 2.189799e-05
5.100000e+01 1.663885e-05
5.200000e+01 2.668226e-05
5.300000e+01 1.731146e-05
5.400000e+01 2.161830e-05
5.500000e+01 1.800368e-05
5.600000e+01 1.813057e-05
5.700000e+01 1.272284e-05
5.800000e+01 1.462883e-05
5.900000e+01 1.421782e-05
6.000000e+01 1.251826e-05
6.100000e+01 1.014735e-05
6.200000e+01 1.297037e-05
6.300000e+01 9.314707e-06
6.400000e+01 1.345274e-05
6.500000e+01 1.225819e-05
6.600000e+01 1.098180e-05
6.700000e+01 8.078401e-06
6.800000e+01 1.011686e-05
6.900000e+01 1.012572e-05
7.000000e+01 7.531456e-06
7.100000e+01 6.769775e-06
7.200000e+01 9.088930e-06
7.300000e+01 6.081981e-06
7.400000e+01 9.781145e-06
7.500000e+01 8.624598e-06
7.600000e+01 7.844877e-06
7.700000e+01 5.742630e-06
7.800000e+01 7.605135e-06
7.900000e+01 8.110186e-06
8.000000e+01 5.435050e-06
8.100000e+01 5.235806e-06
8.200000e+01 6.811650e-06
8.300000e+01 3.947489e-06
8.400000e+01 7.570849e-06
8.500000e+01 6.443594e-06
8.600000e+01 5.858876e-06
8.700000e+01 4.392582e-06
8.800000e+01 5.883672e-06
8.900000e+01 6.534747e-06
9.000000e+01 4.142757e-06
9.100000e+01 4.026193e-06
9.200000e+01 5.289093e-06
9.300000e+01 2.885464e-06
9.400000e+01 6.119206e-06
9.500000e+01 5.110088e-06
9.600000e+01 4.527313e-06
9.700000e+01 3.361384e-06
9.800000e+01 4.671904e-06
9.900000e+01 5.365712e-06
1.000000e+02 3.273478e-06
1.010000e+02 3.120315e-06
1.020000e+02 4.184305e-06
1.030000e+02 2.187537e-06
1.040000e+02 5.095666e-06
1.050000e+02 4.042858e-06
1.060000e+02 3.535091e-06
1.070000e+02 2.753661e-06
1.080000e+02 3.906825e-06
1.090000e+02 4.387090e-06
1.100000e+02 2.724397e-06
1.110000e+02 2.471853e-06
1.120000e+02 3.397379e-06
1.130000e+02 1.818169e-06
1.140000e+02 4.339404e-06
1.150000e+02 3.418519e-06
1.160000e+02 2.855258e-06
1.170000e+02 2.396491e-06
1.180000e+02 3.365911e-06
1.190000e+02 3.552442e-06
1.200000e+02 2.364785e-06
1.210000e+02 1.935475e-06
1.220000e+02 2.794207e-06
1.230000e+02 1.592878e-06
1.240000e+02 3.631688e-06
1.250000e+02 2.875799e-06
1.260000e+02 2.316872e-06
1.270000e+02 2.124405e-06
1.280000e+02 2.958979e-06
1.290000e+02 2.879626e-06
1.300000e+02 2.080560e-06
1.310000e+02 1.546711e-06
1.320000e+02 2.298633e-06
1.330000e+02 1.439125e-06
1.340000e+02 3.066455e-06
1.350000e+02 2.464400e-06
1.360000e+02 1.944007e-06
1.370000e+02 1.943139e-06
1.380000e+02 2.611843e-06
1.390000e+02 2.364995e-06
1.400000e+02 1.859262e-06
1.410000e+02 1.287248e-06
1.420000e+02 1.880808e-06
1.430000e+02 1.295731e-06
1.440000e+02 2.598282e-06
1.450000e+02 2.135211e-06
1.460000e+02 1.698331e-06
1.470000e+02 1.774568e-06
1.480000e+02 2.317869e-06
1.490000e+02 2.005179e-06
1.500000e+02 1.660007e-06
1.510000e+02 1.109591e-06
1.520000e+02 1.559742e-06
1.530000e+02 1.154113e-06
1.540000e+02 2.196037e-06
1.550000e+02 1.852407e-06
1.560000e+02 1.511596e-06
1.570000e+02 1.595636e-06
1.580000e+02 2.046873e-06
1.590000e+02 1.777812e-06
1.600000e+02 1.470719e-06
1.610000e+02 9.878139e-07
1.620000e+02 1.316589e-06
1.630000e+02 9.935612e-07
1.640000e+02 1.893440e-06
1.650000e+02 1.623231e-06
1.660000e+02 1.358728e-06
1.670000e+02 1.423781e-06
1.680000e+02 1.803925e-06
1.690000e+02 1.645839e-06
1.700000e+02 1.305920e-06
1.710000e+02 8.998830e-07
1.720000e+02 1.153890e-06
1.730000e+02 8.482851e-07
1.740000e+02 1.658956e-06
1.750000e+02 1.440632e-06
1.760000e+02 1.214621e-06
1.770000e+02 1.257607e-06
1.780000e+02 1.575379e-06
1.790000e+02 1.572266e-06
1.800000e+02 1.143213e-06
1.810000e+02 8.223460e-07
1.820000e+02 1.043501e-06
1.830000e+02 7.030977e-07
1.840000e+02 1.500939e-06
1.850000e+02 1.281072e-06
1.860000e+02 1.073107e-06
1.870000e+02 1.106773e-06
1.880000e+02 1.370076e-06
1.890000e+02 1.491945e-06
1.900000e+02 1.003787e-06
1.910000e+02 7.445036e-07
1.920000e+02 9.614590e-07
1.930000e+02 5.955824e-07
1.940000e+02 1.381477e-06
1.950000e+02 1.150039e-06
1.960000e+02 9.367493e-07
1.970000e+02 9.863548e-07
1.980000e+02 1.220008e-06
1.990000e+02 1.404322e-06
2.000000e+02 8.888818e-07
2.010000e+02 6.629532e-07
2.020000e+02 8.913350e-07
2.030000e+02 5.223920e-07
2.040000e+02 1.285827e-06
2.050000e+02 1.047835e-06
2.060000e+02 8.169379e-07
2.070000e+02 8.907623e-07
2.080000e+02 1.108000e-06
2.090000e+02 1.291168e-06
2.100000e+02 8.013541e-07
2.110000e+02 5.835791e-07
2.120000e+02 8.295280e-07
2.130000e+02 4.792310e-07
2.140000e+02 1.203071e-06
2.150000e+02 9.573066e-07
2.160000e+02 7.154293e-07
2.170000e+02 8.205489e-07
2.180000e+02 1.036069e-06
2.190000e+02 1.154748e-06
2.200000e+02 7.366775e-07
2.210000e+02 5.118659e-07
2.220000e+02 7.515163e-07
2.230000e+02 4.595380e-07
2.240000e+02 1.105359e-06
2.250000e+02 8.803611e-07
2.260000e+02 6.308981e-07
2.270000e+02 7.803790e-07
2.280000e+02 9.738013e-07
2.290000e+02 1.004678e-06
2.300000e+02 6.897624e-07
2.310000e+02 4.544373e-07
2.320000e+02 6.729024e-07
2.330000e+02 4.492870e-07
2.340000e+02 1.008166e-06
2.350000e+02 8.082789e-07
2.360000e+02 5.752454e-07
2.370000e+02 7.411376e-07
2.380000e+02 9.283868e-07
2.390000e+02 8.758477e-07
2.400000e+02 6.565073e-07
2.410000e+02 4.182700e-07
2.420000e+02 5.888930e-07
2.430000e+02 4.374914e-07
2.440000e+02 9.069639e-07
2.450000e+02 7.454320e-07
2.460000e+02 5.353505e-07
2.470000e+02 7.117955e-07
2.480000e+02 8.787951e-07
2.490000e+02 7.740718e-07
2.500000e+02 6.294483e-07
2.510000e+02 3.963980e-07
2.520000e+02 5.143595e-07
2.530000e+02 4.244616e-07
2.540000e+02 8.096847e-07
2.550000e+02 6.877816e-07
2.560000e+02 5.077943e-07
2.570000e+02 6.725704e-07
2.580000e+02 8.176613e-07
2.590000e+02 7.057406e-07
2.600000e+02 6.031294e-07
2.610000e+02 3.806999e-07
2.620000e+02 4.548727e-07
2.630000e+02 3.989268e-07
2.640000e+02 7.282833e-07
2.650000e+02 6.344418e-07
2.660000e+02 4.810031e-07
2.670000e+02 6.310285e-07
2.680000e+02 7.502395e-07
2.690000e+02 6.690155e-07
2.700000e+02 5.705691e-07
2.710000e+02 3.676205e-07
2.720000e+02 4.161396e-07
2.730000e+02 3.692538e-07
2.740000e+02 6.662205e-07
2.750000e+02 5.860769e-07
2.760000e+02 4.542572e-07
2.770000e+02 5.867063e-07
2.780000e+02 6.763845e-07
2.790000e+02 6.547528e-07
2.800000e+02 5.353861e-07
2.810000e+02 3.522057e-07
2.820000e+02 3.943229e-07
2.830000e+02 3.355104e-07
2.840000e+02 6.192631e-07
2.850000e+02 5.418514e-07
2.860000e+02 4.246526e-07
2.870000e+02 5.400053e-07
2.880000e+02 6.060480e-07
2.890000e+02 6.485887e-07
2.900000e+02 4.953555e-07
2.910000e+02 3.305442e-07
2.920000e+02 3.878548e-07
2.930000e+02 3.066509e-07
2.940000e+02 5.878137e-07
2.950000e+02 5.049678e-07
2.960000e+02 3.905355e-07
2.970000e+02 4.965515e-07
2.980000e+02 5.467187e-07
2.990000e+02 6.344397e-07
3.000000e+02 4.586290e-07
3.010000e+02 3.053034e-07
3.020000e+02 3.853369e-07
3.030000e+02 2.831170e-07
3.040000e+02 5.611070e-07
3.050000e+02 4.764218e-07
3.060000e+02 3.555049e-07
3.070000e+02 4.595432e-07
3.080000e+02 5.050012e-07
3.090000e+02 6.058317e-07
3.100000e+02 4.240366e-07
3.110000e+02 2.793556e-07
3.120000e+02 3.811952e-07
3.130000e+02 2.699814e-07
3.140000e+02 5.365754e-07
3.150000e+02 4.505235e-07
3.160000e+02 3.250802e-07
3.170000e+02 4.336025e-07
3.180000e+02 4.789763e-07
3.190000e+02 5.613891e-07
3.200000e+02 3.957704e-07
3.210000e+02 2.577157e-07
3.220000e+02 3.690217e-07
3.230000e+02 2.639871e-07
3.240000e+02 5.084121e-07
3.250000e+02 4.290836e-07
3.260000e+02 3.006024e-07
3.270000e+02 4.145570e-07
3.280000e+02 4.647241e-07
3.290000e+02 5.067983e-07
3.300000e+02 3.748466e-07
3.310000e+02 2.450935e-07
3.320000e+02 3.460344e-07
3.330000e+02 2.618303e-07
3.340000e+02 4.744497e-07
3.350000e+02 4.068607e-07
3.360000e+02 2.848125e-07
3.370000e+02 3.979770e-07
3.380000e+02 4.552361e-07
3.390000e+02 4.483254e-07
3.400000e+02 3.606076e-07
3.410000e+02 2.395055e-07
3.420000e+02 3.160374e-07
3.430000e+02 2.612345e-07
3.440000e+02 4.369135e-07
3.450000e+02 3.860088e-07
3.460000e+02 2.754069e-07
3.470000e+02 3.840257e-07
3.480000e+02 4.437832e-07
3.490000e+02 3.989429e-07
3.500000e+02 3.497010e-07
3.510000e+02 2.411189e-07
3.520000e+02 2.843235e-07
3.530000e+02 2.591767e-07
3.540000e+02 4.005429e-07
3.550000e+02 3.639106e-07
3.560000e+02 2.689486e-07
3.570000e+02 3.685746e-07
3.580000e+02 4.278440e-07
3.590000e+02 3.632285e-07
3.600000e+02 3.426152e-07
3.610000e+02 2.451161e-07
3.620000e+02 2.562535e-07
3.630000e+02 2.535163e-07
3.640000e+02 3.671009e-07
3.650000e+02 3.430873e-07
3.660000e+02 2.638956e-07
3.670000e+02 3.505221e-07
3.680000e+02 4.002455e-07
3.690000e+02 3.435752e-07
3.700000e+02 3.339865e-07
3.710000e+02 2.461986e-07
3.720000e+02 2.379256e-07
3.730000e+02 2.431904e-07
3.740000e+02 3.405314e-07
3.750000e+02 3.226906e-07
3.760000e+02 2.564844e-07
3.770000e+02 3.318020e-07
3.780000e+02 3.662361e-07
3.790000e+02 3.375090e-07
3.800000e+02 3.250358e-07
3.810000e+02 2.427627e-07
3.820000e+02 2.297916e-07
3.830000e+02 2.327453e-07
3.840000e+02 3.214513e-07
3.850000e+02 3.044246e-07
3.860000e+02 2.459225e-07
3.870000e+02 3.118437e-07
3.880000e+02 3.315888e-07
3.890000e+02 3.370359e-07
3.900000e+02 3.131037e-07
3.910000e+02 2.328699e-07
3.920000e+02 2.313277e-07
3.930000e+02 2.227335e-07
3.940000e+02 3.085742e-07
3.950000e+02 2.896364e-07
3.960000e+02 2.331367e-07
3.970000e+02 2.919003e-07
3.980000e+02 2.989560e-07
3.990000e+02 3.365749e-07
4.000000e+02 2.982968e-07
4.010000e+02 2.173318e-07
4.020000e+02 2.373812e-07
4.030000e+02 2.134659e-07
4.040000e+02 2.979311e-07
4.050000e+02 2.786981e-07
4.060000e+02 2.200961e-07
4.070000e+02 2.753389e-07
4.080000e+02 2.752262e-07
4.090000e+02 3.281349e-07
4.100000e+02 2.820571e-07
4.110000e+02 2.020990e-07
4.120000e+02 2.442811e-07
4.130000e+02 2.082505e-07
4.140000e+02 2.878370e-07
4.150000e+02 2.683128e-07
4.160000e+02 2.082107e-07
4.170000e+02 2.611054e-07
4.180000e+02 2.607475e-07
4.190000e+02 3.098826e-07
4.200000e+02 2.666829e-07
4.210000e+02 1.897726e-07
4.220000e+02 2.462479e-07
4.230000e+02 2.040607e-07
4.240000e+02 2.753213e-07
4.250000e+02 2.601026e-07
4.260000e+02 1.996094e-07
4.270000e+02 2.502643e-07
4.280000e+02 2.545554e-07
4.290000e+02 2.843874e-07
4.300000e+02 2.518041e-07
4.310000e+02 1.842242e-07
4.320000e+02 2.402958e-07
4.330000e+02 2.027785e-07
4.340000e+02 2.603818e-07
4.350000e+02 2.519285e-07
4.360000e+02 1.952067e-07
4.370000e+02 2.397104e-07
4.380000e+02 2.538909e-07
4.390000e+02 2.550098e-07
4.400000e+02 2.406035e-07
4.410000e+02 1.852115e-07
4.420000e+02 2.276610e-07
4.430000e+02 2.008481e-07
4.440000e+02 2.432806e-07
4.450000e+02 2.436288e-07
4.460000e+02 1.937124e-07
4.470000e+02 2.308566e-07
4.480000e+02 2.540883e-07
4.490000e+02 2.274198e-07
4.500000e+02 2.328561e-07
4.510000e+02 1.917919e-07
4.520000e+02 2.106092e-07
4.530000e+02 1.992932e-07
4.540000e+02 2.254122e-07
4.550000e+02 2.342755e-07
4.560000e+02 1.940594e-07
4.570000e+02 2.206041e-07
4.580000e+02 2.497960e-07
4.590000e+02 2.061788e-07
4.600000e+02 2.275394e-07
4.610000e+02 2.006604e-07
4.620000e+02 1.933478e-07
4.630000e+02 1.957215e-07
4.640000e+02 2.093280e-07
4.650000e+02 2.238672e-07
4.660000e+02 1.929324e-07
4.670000e+02 2.107575e-07
4.680000e+02 2.393038e-07
4.690000e+02 1.930314e-07
4.700000e+02 2.243227e-07
4.710000e+02 2.068933e-07
4.720000e+02 1.810389e-07
4.730000e+02 1.917131e-07
4.740000e+02 1.972344e-07
4.750000e+02 2.131902e-07
4.760000e+02 1.901651e-07
4.770000e+02 2.003618e-07
4.780000e+02 2.233896e-07
4.790000e+02 1.885459e-07
4.800000e+02 2.214430e-07
4.810000e+02 2.077742e-07
4.820000e+02 1.746935e-07
4.830000e+02 1.874806e-07
4.840000e+02 1.889355e-07
4.850000e+02 2.045147e-07
4.860000e+02 1.851547e-07
4.870000e+02 1.901197e-07
4.880000e+02 2.033284e-07
4.890000e+02 1.883704e-07
4.900000e+02 2.183642e-07
4.910000e+02 2.020465e-07
4.920000e+02 1.756615e-07
4.930000e+02 1.830260e-07
4.940000e+02 1.834050e-07
4.950000e+02 1.962159e-07
4.960000e+02 1.786881e-07
4.970000e+02 1.807778e-07
4.980000e+02 1.832635e-07
4.990000e+02 1.888948e-07
5.000000e+02 2.131621e-07
5.010000e+02 1.912177e-07
5.020000e+02 1.818034e-07
5.030000e+02 1.800712e-07
5.040000e+02 1.789236e-07
5.050000e+02 1.905700e-07
5.060000e+02 1.714762e-07
5.070000e+02 1.727069e-07
5.080000e+02 1.669070e-07
5.090000e+02 1.862504e-07
5.100000e+02 2.061082e-07
5.110000e+02 1.782518e-07
5.120000e+02 1.899235e-07
5.130000e+02 1.776904e-07
5.140000e+02 1.744750e-07
5.150000e+02 1.858792e-07
5.160000e+02 1.659289e-07
5.170000e+02 1.655073e-07
5.180000e+02 1.565754e-07
5.190000e+02 1.792226e-07
5.200000e+02 1.969306e-07
5.210000e+02 1.674588e-07
5.220000e+02 1.952777e-07
5.230000e+02 1.756359e-07
5.240000e+02 1.682903e-07
5.250000e+02 1.825888e-07
5.260000e+02 1.627174e-07
5.270000e+02 1.591556e-07
5.280000e+02 1.528453e-07
5.290000e+02 1.666359e-07
5.300000e+02 1.875601e-07
5.310000e+02 1.620044e-07
5.320000e+02 1.958448e-07
5.330000e+02 1.737116e-07
5.340000e+02 1.595351e-07
5.350000e+02 1.796285e-07
5.360000e+02 1.623976e-07
5.370000e+02 1.525849e-07
5.380000e+02 1.539534e-07
5.390000e+02 1.514521e-07
5.400000e+02 1.784755e-07
5.410000e+02 1.627267e-07
5.420000e+02 1.904329e-07
5.430000e+02 1.710373e-07
5.440000e+02 1.506914e-07
5.450000e+02 1.760133e-07
5.460000e+02 1.639129e-07
5.470000e+02 1.457678e-07
5.480000e+02 1.567664e-07
5.490000e+02 1.358507e-07
5.500000e+02 1.707678e-07
5.510000e+02 1.690300e-07
5.520000e+02 1.809473e-07
5.530000e+02 1.675522e-07
5.540000e+02 1.413485e-07
5.550000e+02 1.713602e-07
5.560000e+02 1.653333e-07
5.570000e+02 1.384654e-07
5.580000e+02 1.580943e-07
5.590000e+02 1.235600e-07
5.600000e+02 1.654117e-07
5.610000e+02 1.781451e-07
5.620000e+02 1.697046e-07
5.630000e+02 1.639004e-07
5.640000e+02 1.337169e-07
5.650000e+02 1.659584e-07
5.660000e+02 1.664540e-07
5.670000e+02 1.312737e-07
5.680000e+02 1.554773e-07
5.690000e+02 1.157916e-07
5.700000e+02 1.620487e-07
5.710000e+02 1.857840e-07
5.720000e+02 1.598065e-07
5.730000e+02 1.600240e-07
5.740000e+02 1.285097e-07
5.750000e+02 1.602292e-07
5.760000e+02 1.653329e-07
5.770000e+02 1.243349e-07
5.780000e+02 1.481619e-07
5.790000e+02 1.123708e-07
5.800000e+02 1.608684e-07
5.810000e+02 1.890139e-07
5.820000e+02 1.533426e-07
5.830000e+02 1.568871e-07
5.840000e+02 1.253915e-07
5.850000e+02 1.544813e-07
5.860000e+02 1.614972e-07
5.870000e+02 1.182530e-07
5.880000e+02 1.372422e-07
5.890000e+02 1.121181e-07
5.900000e+02 1.601522e-07
5.910000e+02 1.863897e-07
5.920000e+02 1.528626e-07
5.930000e+02 1.551448e-07
5.940000e+02 1.240930e-07
5.950000e+02 1.498804e-07
5.960000e+02 1.569378e-07
5.970000e+02 1.136255e-07
5.980000e+02 1.249718e-07
5.990000e+02 1.125240e-07
6.000000e+02 1.594070e-07
6.010000e+02 1.780677e-07
6.020000e+02 1.562396e-07
6.030000e+02 1.539494e-07
6.040000e+02 1.232771e-07
6.050000e+02 1.464307e-07
6.060000e+02 1.519644e-07
6.070000e+02 1.105377e-07
6.080000e+02 1.140734e-07
6.090000e+02 1.116923e-07
6.100000e+02 1.572512e-07
6.110000e+02 1.664764e-07
6.120000e+02 1.620993e-07
6.130000e+02 1.533682e-07
6.140000e+02 1.213657e-07
6.150000e+02 1.440473e-07
6.160000e+02 1.480643e-07
6.170000e+02 1.079208e-07
6.180000e+02 1.064643e-07
6.190000e+02 1.082173e-07
6.200000e+02 1.534277e-07
6.210000e+02 1.554208e-07
6.220000e+02 1.674609e-07
6.230000e+02 1.526068e-07
6.240000e+02 1.181259e-07
6.250000e+02 1.426032e-07
6.260000e+02 1.466998e-07
6.270000e+02 1.054422e-07
6.280000e+02 1.036200e-07
6.290000e+02 1.024343e-07
6.300000e+02 1.477515e-07
6.310000e+02 1.481881e-07
6.320000e+02 1.702718e-07
6.330000e+02 1.509083e-07
6.340000e+02 1.132249e-07
6.350000e+02 1.415053e-07
6.360000e+02 1.476382e-07
6.370000e+02 1.022840e-07
6.380000e+02 1.047404e-07
6.390000e+02 9.467873e-08
6.400000e+02 1.411067e-07
6.410000e+02 1.467521e-07
6.420000e+02 1.687237e-07
6.430000e+02 1.479794e-07
6.440000e+02 1.076924e-07
6.450000e+02 1.400314e-07
6.460000e+02 1.500226e-07
6.470000e+02 9.745597e-08
6.480000e+02 1.079456e-07
6.490000e+02 8.705937e-08
6.500000e+02 1.340259e-07
6.510000e+02 1.505158e-07
6.520000e+02 1.634437e-07
6.530000e+02 1.436285e-07
6.540000e+02 1.024661e-07
6.550000e+02 1.380088e-07
6.560000e+02 1.526357e-07
6.570000e+02 9.204323e-08
6.580000e+02 1.110818e-07
6.590000e+02 8.109516e-08
6.600000e+02 1.282782e-07
6.610000e+02 1.580742e-07
6.620000e+02 1.555777e-07
6.630000e+02 1.391030e-07
6.640000e+02 9.883098e-08
6.650000e+02 1.349589e-07
6.660000e+02 1.539167e-07
6.670000e+02 8.612185e-08
6.680000e+02 1.120991e-07
6.690000e+02 7.775120e-08
6.700000e+02 1.240653e-07
6.710000e+02 1.658219e-07
6.720000e+02 1.478413e-07
6.730000e+02 1.343929e-07
6.740000e+02 9.724092e-08
6.750000e+02 1.316797e-07
6.760000e+02 1.532959e-07
6.770000e+02 8.086029e-08
6.780000e+02 1.101422e-07
6.790000e+02 7.655331e-08
6.800000e+02 1.219858e-07
6.810000e+02 1.702486e-07
6.820000e+02 1.418175e-07
6.830000e+02 1.310070e-07
6.840000e+02 9.757473e-08
6.850000e+02 1.283670e-07
6.860000e+02 1.503170e-07
6.870000e+02 7.677594e-08
6.880000e+02 1.049278e-07
6.890000e+02 7.700814e-08
6.900000e+02 1.217242e-07
6.910000e+02 1.696642e-07
6.920000e+02 1.395096e-07
6.930000e+02 1.290869e-07
6.940000e+02 9.900832e-08
6.950000e+02 1.253912e-07
6.960000e+02 1.459678e-07
6.970000e+02 7.474733e-08
6.980000e+02 9.803547e-08
6.990000e+02 7.757176e-08
7.000000e+02 1.225712e-07
7.010000e+02 1.634136e-07
7.020000e+02 1.402443e-07
7.030000e+02 1.286241e-07
7.040000e+02 1.004460e-07
7.050000e+02 1.232083e-07
7.060000e+02 1.409860e-07
7.070000e+02 7.415469e-08
7.080000e+02 9.120492e-08
7.090000e+02 7.707211e-08
7.100000e+02 1.231061e-07
7.110000e+02 1.533952e-07
7.120000e+02 1.437661e-07
7.130000e+02 1.289341e-07
7.140000e+02 1.006839e-07
7.150000e+02 1.218843e-07
7.160000e+02 1.375211e-07
7.170000e+02 7.476208e-08
7.180000e+02 8.620924e-08
7.190000e+02 7.505303e-08
7.200000e+02 1.227813e-07
7.210000e+02 1.424486e-07
7.220000e+02 1.475699e-07
7.230000e+02 1.293954e-07
7.240000e+02 9.922336e-08
7.250000e+02 1.213546e-07
7.260000e+02 1.362025e-07
7.270000e+02 7.528181e-08
7.280000e+02 8.412906e-08
7.290000e+02 7.177136e-08
7.300000e+02 1.205182e-07
7.310000e+02 1.339519e-07
7.320000e+02 1.502617e-07
7.330000e+02 1.286324e-07
7.340000e+02 9.604840e-08
7.350000e+02 1.209962e-07
7.360000e+02 1.370988e-07
7.370000e+02 7.488287e-08
7.380000e+02 8.495250e-08
7.390000e+02 6.809614e-08
7.400000e+02 1.164746e-07
7.410000e+02 1.298548e-07
7.420000e+02 1.502197e-07
7.430000e+02 1.258711e-07
7.440000e+02 9.246260e-08
7.450000e+02 1.206726e-07
7.460000e+02 1.396578e-07
7.470000e+02 7.273885e-08
7.480000e+02 8.777543e-08
7.490000e+02 6.510937e-08
7.500000e+02 1.112007e-07
7.510000e+02 1.310277e-07
7.520000e+02 1.472940e-07
7.530000e+02 1.215824e-07
7.540000e+02 8.921986e-08
7.550000e+02 1.197289e-07
7.560000e+02 1.423489e-07
7.570000e+02 6.930303e-08
7.580000e+02 9.115247e-08
7.590000e+02 6.399247e-08
7.600000e+02 1.056706e-07
7.610000e+02 1.362731e-07
7.620000e+02 1.421869e-07
7.630000e+02 1.161293e-07
7.640000e+02 8.743991e-08
7.650000e+02 1.182937e-07
7.660000e+02 1.439814e-07
7.670000e+02 6.462807e-08
7.680000e+02 9.360357e-08
7.690000e+02 6.434326e-08
7.700000e+02 1.007659e-07
7.710000e+02 1.425917e-07
7.720000e+02 1.361132e-07
7.730000e+02 1.108023e-07
7.740000e+02 8.785857e-08
7.750000e+02 1.163557e-07
7.760000e+02 1.438077e-07
7.770000e+02 6.023825e-08
7.780000e+02 9.414087e-08
7.790000e+02 6.611066e-08
7.800000e+02 9.768467e-08
7.810000e+02 1.474627e-07
7.820000e+02 1.308850e-07
7.830000e+02 1.063073e-07
7.840000e+02 9.013565e-08
7.850000e+02 1.142734e-07
7.860000e+02 1.409393e-07
7.870000e+02 5.708998e-08
7.880000e+02 9.257977e-08
7.890000e+02 6.807405e-08
7.900000e+02 9.680538e-08
7.910000e+02 1.483280e-07
7.920000e+02 1.277909e-07
7.930000e+02 1.040128e-07
7.940000e+02 9.335715e-08
7.950000e+02 1.125169e-07
7.960000e+02 1.363436e-07
7.970000e+02 5.597451e-08
7.980000e+02 8.962626e-08
7.990000e+02 6.918030e-08
8.000000e+02 9.735781e-08
8.010000e+02 1.441562e-07
8.020000e+02 1.270168e-07
8.030000e+02 1.035301e-07
8.040000e+02 9.645663e-08
8.050000e+02 1.110405e-07
8.060000e+02 1.314367e-07
8.070000e+02 5.693490e-08
8.080000e+02 8.631869e-08
8.090000e+02 6.882606e-08
8.100000e+02 9.925080e-08
8.110000e+02 1.359695e-07
8.120000e+02 1.281963e-07
8.130000e+02 1.043978e-07
8.140000e+02 9.822434e-08
8.150000e+02 1.104809e-07
8.160000e+02 1.273923e-07
8.170000e+02 5.950057e-08
8.180000e+02 8.369299e-08
8.190000e+02 6.699329e-08
8.200000e+02 1.009069e-07
8.210000e+02 1.258926e-07
8.220000e+02 1.301370e-07
8.230000e+02 1.055286e-07
8.240000e+02 9.812454e-08
8.250000e+02 1.102378e-07
8.260000e+02 1.253058e-07
8.270000e+02 6.230639e-08
8.280000e+02 8.282213e-08
8.290000e+02 6.443042e-08
8.300000e+02 1.016676e-07
8.310000e+02 1.167759e-07
8.320000e+02 1.316376e-07
8.330000e+02 1.057588e-07
8.340000e+02 9.628435e-08
8.350000e+02 1.103249e-07
8.360000e+02 1.256797e-07
8.370000e+02 6.443161e-08
8.380000e+02 8.377423e-08
8.390000e+02 6.248825e-08
8.400000e+02 1.005368e-07
8.410000e+02 1.111501e-07
8.420000e+02 1.318345e-07
8.430000e+02 1.041690e-07
8.440000e+02 9.352329e-08
8.450000e+02 1.102811e-07
8.460000e+02 1.278707e-07
8.470000e+02 6.482716e-08
8.480000e+02 8.612872e-08
8.490000e+02 6.199194e-08
8.500000e+02 9.750341e-08
8.510000e+02 1.097863e-07
8.520000e+02 1.298679e-07
8.530000e+02 1.005455e-07
8.540000e+02 9.095124e-08
8.550000e+02 1.099731e-07
8.560000e+02 1.305205e-07
8.570000e+02 6.328434e-08
8.580000e+02 8.898678e-08
8.590000e+02 6.356166e-08
8.600000e+02 9.323224e-08
8.610000e+02 1.123549e-07
8.620000e+02 1.263655e-07
8.630000e+02 9.526677e-08
8.640000e+02 8.999079e-08
8.650000e+02 1.092127e-07
8.660000e+02 1.323811e-07
8.670000e+02 6.012625e-08
8.680000e+02 9.138618e-08
8.690000e+02 6.726342e-08
8.700000e+02 8.863098e-08
8.710000e+02 1.173429e-07
8.720000e+02 1.221622e-07
8.730000e+02 8.953844e-08
8.740000e+02 9.103334e-08
8.750000e+02 1.082646e-07
8.760000e+02 1.324384e-07
8.770000e+02 5.658209e-08
8.780000e+02 9.291638e-08
8.790000e+02 7.171438e-08
8.800000e+02 8.492375e-08
8.810000e+02 1.218365e-07
8.820000e+02 1.183606e-07
8.830000e+02 8.443839e-08
8.840000e+02 9.413970e-08
8.850000e+02 1.070526e-07
8.860000e+02 1.300473e-07
8.870000e+02 5.392807e-08
8.880000e+02 9.301134e-08
8.890000e+02 7.578105e-08
8.900000e+02 8.271737e-08
8.910000e+02 1.234336e-07
8.920000e+02 1.154551e-07
8.930000e+02 8.130034e-08
8.940000e+02 9.845301e-08
8.950000e+02 1.061033e-07
8.960000e+02 1.256096e-07
8.970000e+02 5.312422e-08
8.980000e+02 9.255881e-08
8.990000e+02 7.810218e-08
9.000000e+02 8.276291e-08
9.010000e+02 1.210631e-07
9.020000e+02 1.139339e-07
9.030000e+02 8.033954e-08
9.040000e+02 1.028188e-07
9.050000e+02 1.054020e-07
9.060000e+02 1.204522e-07
9.070000e+02 5.466371e-08
9.080000e+02 9.176485e-08
9.090000e+02 7.825333e-08
9.100000e+02 8.449243e-08
9.110000e+02 1.148569e-07
9.120000e+02 1.138242e-07
9.130000e+02 8.129821e-08
9.140000e+02 1.057921e-07
9.150000e+02 1.052176e-07
9.160000e+02 1.159917e-07
9.170000e+02 5.810667e-08
9.180000e+02 9.167344e-08
9.190000e+02 7.623607e-08
9.200000e+02 8.727885e-08
9.210000e+02 1.064525e-07
9.220000e+02 1.139836e-07
9.230000e+02 8.316962e-08
9.240000e+02 1.067349e-07
9.250000e+02 1.053191e-07
9.260000e+02 1.133541e-07
9.270000e+02 6.258964e-08
9.280000e+02 9.224095e-08
9.290000e+02 7.345431e-08
9.300000e+02 8.990352e-08
9.310000e+02 9.782542e-08
9.320000e+02 1.141845e-07
9.330000e+02 8.449487e-08
9.340000e+02 1.057175e-07
9.350000e+02 1.055774e-07
9.360000e+02 1.128263e-07
9.370000e+02 6.663240e-08
9.380000e+02 9.385872e-08
9.390000e+02 7.129700e-08
9.400000e+02 9.145253e-08
9.410000e+02 9.152550e-08
9.420000e+02 1.134101e-07
9.430000e+02 8.454077e-08
9.440000e+02 1.034049e-07
9.450000e+02 1.057894e-07
9.460000e+02 1.143865e-07
9.470000e+02 6.928921e-08
9.480000e+02 9.596434e-08
9.490000e+02 7.143657e-08
9.500000e+02 9.101801e-08
9.510000e+02 8.868114e-08
9.520000e+02 1.118144e-07
9.530000e+02 8.218517e-08
9.540000e+02 1.009508e-07
9.550000e+02 1.056458e-07
9.560000e+02 1.169007e-07
9.570000e+02 6.969121e-08
9.580000e+02 9.814699e-08
9.590000e+02 7.444004e-08
9.600000e+02 8.890940e-08
9.610000e+02 8.958397e-08
9.620000e+02 1.093032e-07
9.630000e+02 7.791950e-08
9.640000e+02 9.989755e-08
9.650000e+02 1.053827e-07
9.660000e+02 1.189756e-07
9.670000e+02 6.817049e-08
9.680000e+02 9.967546e-08
9.690000e+02 7.997819e-08
9.700000e+02 8.531408e-08
9.710000e+02 9.279578e-08
9.720000e+02 1.067260e-07
9.730000e+02 7.263903e-08
9.740000e+02 1.008897e-07
9.750000e+02 1.049122e-07
9.760000e+02 1.194771e-07
9.770000e+02 6.564564e-08
9.780000e+02 1.007066e-07
9.790000e+02 8.685756e-08
9.800000e+02 8.168699e-08
9.810000e+02 9.631743e-08
9.820000e+02 1.043035e-07
9.830000e+02 6.748135e-08
9.840000e+02 1.041663e-07
9.850000e+02 1.041817e-07
9.860000e+02 1.175625e-07
9.870000e+02 6.328417e-08
9.880000e+02 1.012687e-07
9.890000e+02 9.328839e-08
9.900000e+02 7.881208e-08
9.910000e+02 9.839043e-08
9.920000e+02 1.026412e-07
9.930000e+02 6.385432e-08
9.940000e+02 1.089031e-07
9.950000e+02 1.040093e-07
9.960000e+02 1.137791e-07
9.970000e+02 6.244977e-08
9.980000e+02 1.017405e-07
9.990000e+02 9.741559e-08
1.000000e+03 7.786730e-08
