0.000000e+00 4.946373e-33
1.000000e+00 3.069445e-03
2.000000e+00 2.383097e-03
3.000000e+00 4.540737e-03
4.000000e+00 4.146722e-03
5.000000e+00 2.914583e-03
6.000000e+00 2.013323e-03
7.000000e+00 2.241150e-03
8.000000e+00 2.317179e-03
9.000000e+00 2.738451e-03
1.000000e+01 3.093044e-03
1.100000e+01 2.789121e-03
1.200000e+01 1.828406e-03
1.300000e+01 1.853179e-03
1.400000e+01 9.541544e-04
1.500000e+01 1.949329e-03
1.600000e+01 2.258843e-03
1.700000e+01 1.663806e-03
1.800000e+01 1.261040e-03
1.900000e+01 8.791870e-04
2.000000e+01 8.118924e-04
2.100000e+01 8.177404e-04
2.200000e+01 8.800220e-04
2.300000e+01 7.268823e-04
2.400000e+01 6.780672e-04
2.500000e+01 4.685049e-04
2.600000e+01 4.535462e-04
2.700000e+01 4.484784e-04
2.800000e+01 3.078938e-04
2.900000e+01 3.316936e-04
3.000000e+01 2.760400e-04
3.100000e+01 1.988077e-04
3.200000e+01 1.939713e-04
3.300000e+01 1.468803e-04
3.400000e+01 1.189251e-04
3.500000e+01 1.310006e-04
3.600000e+01 8.443583e-05
3.700000e+01 6.918238e-05
3.800000e+01 6.559725e-05
3.900000e+01 6.617233e-05
4.000000e+01 3.984728e-05
4.100000e+01 6.853335e-05
4.200000e+01 3.423590e-05
4.300000e+01 2.288682e-05
4.400000e+01 3.850655e-05
4.500000e+01 4.370204e-05
4.600000e+01 2.629788e-05
4.700000e+01 1.411623e-05
4.800000e+01 1.521574e-05
4.900000e+01 2.947655e-05
5.000000e+01 1.016265e-05
5.100000e+01 2.215033e-05
5.200000e+01 1.362416e-05
5.300000e+01 1.169975e-05
5.400000e+01 1.621976e-05
5.500000e+01 2.088923e-05
5.600000e+01 1.291630e-05
5.700000e+01 9.374625e-06
5.800000e+01 8.126666e-06
5.900000e+01 1.640509e-05
6.000000e+01 6.900434e-06
6.100000e+01 1.131483e-05
6.200000e+01 8.612196e-06
6.300000e+01 6.957026e-06
6.400000e+01 1.011379e-05
6.500000e+01 1.272085e-05
6.600000e+01 8.210567e-06
6.700000e+01 7.121537e-06
6.800000e+01 5.429423e-06
6.900000e+01 1.138074e-05
7.000000e+01 5.333128e-06
7.100000e+01 6.737657e-06
7.200000e+01 5.498415e-06
7.300000e+01 5.836799e-06
7.400000e+01 6.903223e-06
7.500000e+01 8.159526e-06
7.600000e+01 5.414991e-06
7.700000e+01 6.382334e-06
7.800000e+01 4.248256e-06
7.900000e+01 7.804535e-06
8.000000e+01 5.165424e-06
8.100000e+01 4.809179e-06
8.200000e+01 3.825763e-06
8.300000e+01 5.227314e-06
8.400000e+01 4.878141e-06
8.500000e+01 5.508645e-06
8.600000e+01 3.618160e-06
8.700000e+01 5.723656e-06
8.800000e+01 3.242538e-06
8.900000e+01 5.322272e-06
9.000000e+01 4.716114e-06
9.100000e+01 4.088718e-06
9.200000e+01 2.878201e-06
9.300000e+01 4.453607e-06
9.400000e+01 3.750294e-06
9.500000e+01 3.949466e-06
9.600000e+01 2.514663e-06
9.700000e+01 4.863794e-06
9.800000e+01 2.566073e-06
9.900000e+01 3.523453e-06
1.000000e+02 4.094980e-06
1.010000e+02 3.702141e-06
1.020000e+02 2.339778e-06
1.030000e+02 3.633403e-06
1.040000e+02 3.091776e-06
1.050000e+02 3.192064e-06
1.060000e+02 1.915841e-06
1.070000e+02 3.869487e-06
1.080000e+02 2.059394e-06
1.090000e+02 2.468596e-06
1.100000e+02 3.334705e-06
1.110000e+02 3.414699e-06
1.120000e+02 2.015170e-06
1.130000e+02 2.814328e-06
1.140000e+02 2.769515e-06
1.150000e+02 2.843318e-06
1.160000e+02 1.662526e-06
1.170000e+02 2.971827e-06
1.180000e+02 1.680175e-06
1.190000e+02 1.968800e-06
1.200000e+02 2.530045e-06
1.210000e+02 3.069136e-06
1.220000e+02 1.841322e-06
1.230000e+02 2.055793e-06
1.240000e+02 2.562052e-06
1.250000e+02 2.666715e-06
1.260000e+02 1.557980e-06
1.270000e+02 2.186373e-06
1.280000e+02 1.401009e-06
1.290000e+02 1.874147e-06
1.300000e+02 1.801611e-06
1.310000e+02 2.569894e-06
1.320000e+02 1.693441e-06
1.330000e+02 1.446753e-06
1.340000e+02 2.368288e-06
1.350000e+02 2.488695e-06
1.360000e+02 1.520019e-06
1.370000e+02 1.596337e-06
1.380000e+02 1.197063e-06
1.390000e+02 1.948704e-06
1.400000e+02 1.234653e-06
1.410000e+02 2.058874e-06
1.420000e+02 1.543817e-06
1.430000e+02 1.051881e-06
1.440000e+02 2.132911e-06
1.450000e+02 2.273994e-06
1.460000e+02 1.424158e-06
1.470000e+02 1.273655e-06
1.480000e+02 1.050635e-06
1.490000e+02 2.061470e-06
1.500000e+02 9.079778e-07
1.510000e+02 1.564114e-06
1.520000e+02 1.389640e-06
1.530000e+02 8.598469e-07
1.540000e+02 1.881126e-06
1.550000e+02 1.960712e-06
1.560000e+02 1.285960e-06
1.570000e+02 1.147455e-06
1.580000e+02 9.462185e-07
1.590000e+02 2.030423e-06
1.600000e+02 7.955862e-07
1.610000e+02 1.169473e-06
1.620000e+02 1.193184e-06
1.630000e+02 8.361337e-07
1.640000e+02 1.578295e-06
1.650000e+02 1.608064e-06
1.660000e+02 1.080882e-06
1.670000e+02 1.151533e-06
1.680000e+02 8.671892e-07
1.690000e+02 1.853655e-06
1.700000e+02 8.170847e-07
1.710000e+02 9.337926e-07
1.720000e+02 9.923170e-07
1.730000e+02 8.961217e-07
1.740000e+02 1.335368e-06
1.750000e+02 1.263545e-06
1.760000e+02 8.536284e-07
1.770000e+02 1.209443e-06
1.780000e+02 8.162529e-07
1.790000e+02 1.560680e-06
1.800000e+02 8.944489e-07
1.810000e+02 8.425996e-07
1.820000e+02 8.198084e-07
1.830000e+02 9.644523e-07
1.840000e+02 1.126635e-06
1.850000e+02 9.736376e-07
1.860000e+02 6.529731e-07
1.870000e+02 1.234179e-06
1.880000e+02 7.547989e-07
1.890000e+02 1.206146e-06
1.900000e+02 9.556266e-07
1.910000e+02 8.485017e-07
1.920000e+02 6.784965e-07
1.930000e+02 9.936965e-07
1.940000e+02 9.924823e-07
1.950000e+02 7.876949e-07
1.960000e+02 5.010465e-07
1.970000e+02 1.204785e-06
1.980000e+02 6.970325e-07
1.990000e+02 8.755541e-07
2.000000e+02 9.554702e-07
2.010000e+02 8.934158e-07
2.020000e+02 5.927203e-07
2.030000e+02 9.350976e-07
2.040000e+02 9.111475e-07
2.050000e+02 6.926192e-07
2.060000e+02 4.225752e-07
2.070000e+02 1.098729e-06
2.080000e+02 6.308665e-07
2.090000e+02 6.439072e-07
2.100000e+02 8.920841e-07
2.110000e+02 9.227131e-07
2.120000e+02 5.460273e-07
2.130000e+02 8.301390e-07
2.140000e+02 8.826869e-07
2.150000e+02 6.762040e-07
2.160000e+02 3.995433e-07
2.170000e+02 9.517654e-07
2.180000e+02 5.634030e-07
2.190000e+02 5.373525e-07
2.200000e+02 7.554915e-07
2.210000e+02 8.939947e-07
2.220000e+02 5.345006e-07
2.230000e+02 6.830095e-07
2.240000e+02 8.601450e-07
2.250000e+02 6.934520e-07
2.260000e+02 4.258452e-07
2.270000e+02 7.882752e-07
2.280000e+02 4.926901e-07
2.290000e+02 5.465316e-07
2.300000e+02 5.975103e-07
2.310000e+02 8.017841e-07
2.320000e+02 5.367777e-07
2.330000e+02 5.360990e-07
2.340000e+02 8.337633e-07
2.350000e+02 7.046105e-07
2.360000e+02 4.582505e-07
2.370000e+02 6.468337e-07
2.380000e+02 4.346249e-07
2.390000e+02 6.280616e-07
2.400000e+02 4.566326e-07
2.410000e+02 6.629487e-07
2.420000e+02 5.438621e-07
2.430000e+02 4.248398e-07
2.440000e+02 7.913070e-07
2.450000e+02 6.871563e-07
2.460000e+02 4.782812e-07
2.470000e+02 5.554208e-07
2.480000e+02 3.932047e-07
2.490000e+02 7.249653e-07
2.500000e+02 3.622433e-07
2.510000e+02 5.175353e-07
2.520000e+02 5.324947e-07
2.530000e+02 3.696163e-07
2.540000e+02 7.240870e-07
2.550000e+02 6.268997e-07
2.560000e+02 4.652963e-07
2.570000e+02 5.217937e-07
2.580000e+02 3.656110e-07
2.590000e+02 7.787996e-07
2.600000e+02 3.218574e-07
2.610000e+02 3.975933e-07
2.620000e+02 5.013436e-07
2.630000e+02 3.639766e-07
2.640000e+02 6.440735e-07
2.650000e+02 5.289387e-07
2.660000e+02 4.218007e-07
2.670000e+02 5.247634e-07
2.680000e+02 3.528686e-07
2.690000e+02 7.661700e-07
2.700000e+02 3.276633e-07
2.710000e+02 3.342670e-07
2.720000e+02 4.499272e-07
2.730000e+02 3.954826e-07
2.740000e+02 5.647618e-07
2.750000e+02 4.235254e-07
2.760000e+02 3.583018e-07
2.770000e+02 5.503277e-07
2.780000e+02 3.486349e-07
2.790000e+02 6.827588e-07
2.800000e+02 3.588204e-07
2.810000e+02 3.269443e-07
2.820000e+02 3.955272e-07
2.830000e+02 4.366911e-07
2.840000e+02 5.024950e-07
2.850000e+02 3.309265e-07
2.860000e+02 2.907838e-07
2.870000e+02 5.698118e-07
2.880000e+02 3.471726e-07
2.890000e+02 5.508844e-07
2.900000e+02 3.924228e-07
2.910000e+02 3.618215e-07
2.920000e+02 3.376976e-07
2.930000e+02 4.645430e-07
2.940000e+02 4.595142e-07
2.950000e+02 2.677467e-07
2.960000e+02 2.360641e-07
2.970000e+02 5.658327e-07
2.980000e+02 3.440406e-07
2.990000e+02 4.109288e-07
3.000000e+02 4.051309e-07
3.010000e+02 4.144830e-07
3.020000e+02 2.921306e-07
3.030000e+02 4.626512e-07
3.040000e+02 4.368196e-07
3.050000e+02 2.425000e-07
3.060000e+02 2.057196e-07
3.070000e+02 5.357285e-07
3.080000e+02 3.333258e-07
3.090000e+02 2.979999e-07
3.100000e+02 3.915569e-07
3.110000e+02 4.514418e-07
3.120000e+02 2.649103e-07
3.130000e+02 4.300634e-07
3.140000e+02 4.343457e-07
3.150000e+02 2.501941e-07
3.160000e+02 2.025298e-07
3.170000e+02 4.821504e-07
3.180000e+02 3.130853e-07
3.190000e+02 2.404764e-07
3.200000e+02 3.516214e-07
3.210000e+02 4.541845e-07
3.220000e+02 2.573307e-07
3.230000e+02 3.766029e-07
3.240000e+02 4.315649e-07
3.250000e+02 2.719803e-07
3.260000e+02 2.194337e-07
3.270000e+02 4.181458e-07
3.280000e+02 2.846748e-07
3.290000e+02 2.451819e-07
3.300000e+02 2.984058e-07
3.310000e+02 4.153385e-07
3.320000e+02 2.636611e-07
3.330000e+02 3.164818e-07
3.340000e+02 4.248565e-07
3.350000e+02 2.932701e-07
3.360000e+02 2.441032e-07
3.370000e+02 3.617481e-07
3.380000e+02 2.543287e-07
3.390000e+02 2.901893e-07
3.400000e+02 2.470226e-07
3.410000e+02 3.443125e-07
3.420000e+02 2.762555e-07
3.430000e+02 2.695244e-07
3.440000e+02 4.054809e-07
3.450000e+02 2.962505e-07
3.460000e+02 2.625530e-07
3.470000e+02 3.256491e-07
3.480000e+02 2.274840e-07
3.490000e+02 3.547644e-07
3.500000e+02 2.094789e-07
3.510000e+02 2.662166e-07
3.520000e+02 2.843911e-07
3.530000e+02 2.445929e-07
3.540000e+02 3.749292e-07
3.550000e+02 2.780850e-07
3.560000e+02 2.669186e-07
3.570000e+02 3.109386e-07
3.580000e+02 2.077048e-07
3.590000e+02 4.042384e-07
3.600000e+02 1.916585e-07
3.610000e+02 2.009434e-07
3.620000e+02 2.839029e-07
3.630000e+02 2.421346e-07
3.640000e+02 3.342636e-07
3.650000e+02 2.372258e-07
3.660000e+02 2.538998e-07
3.670000e+02 3.161760e-07
3.680000e+02 1.969791e-07
3.690000e+02 4.183493e-07
3.700000e+02 1.925647e-07
3.710000e+02 1.674523e-07
3.720000e+02 2.704277e-07
3.730000e+02 2.580408e-07
3.740000e+02 2.969927e-07
3.750000e+02 1.891995e-07
3.760000e+02 2.281401e-07
3.770000e+02 3.289239e-07
3.780000e+02 1.971971e-07
3.790000e+02 3.896740e-07
3.800000e+02 2.046671e-07
3.810000e+02 1.716351e-07
3.820000e+02 2.467679e-07
3.830000e+02 2.798889e-07
3.840000e+02 2.666494e-07
3.850000e+02 1.441187e-07
3.860000e+02 1.960501e-07
3.870000e+02 3.389719e-07
3.880000e+02 2.036704e-07
3.890000e+02 3.246375e-07
3.900000e+02 2.185440e-07
3.910000e+02 2.039610e-07
3.920000e+02 2.179213e-07
3.930000e+02 2.958814e-07
3.940000e+02 2.492388e-07
3.950000e+02 1.148087e-07
3.960000e+02 1.698215e-07
3.970000e+02 3.362791e-07
3.980000e+02 2.112934e-07
3.990000e+02 2.464896e-07
4.000000e+02 2.239345e-07
4.010000e+02 2.493283e-07
4.020000e+02 1.890119e-07
4.030000e+02 2.976549e-07
4.040000e+02 2.439928e-07
4.050000e+02 1.070738e-07
4.060000e+02 1.533578e-07
4.070000e+02 3.186065e-07
4.080000e+02 2.151301e-07
4.090000e+02 1.790982e-07
4.100000e+02 2.171424e-07
4.110000e+02 2.849669e-07
4.120000e+02 1.683341e-07
4.130000e+02 2.824033e-07
4.140000e+02 2.462535e-07
4.150000e+02 1.171543e-07
4.160000e+02 1.521202e-07
4.170000e+02 2.885294e-07
4.180000e+02 2.116236e-07
4.190000e+02 1.387557e-07
4.200000e+02 1.994936e-07
4.210000e+02 2.960968e-07
4.220000e+02 1.583999e-07
4.230000e+02 2.564867e-07
4.240000e+02 2.493227e-07
4.250000e+02 1.370683e-07
4.260000e+02 1.622785e-07
4.270000e+02 2.553441e-07
4.280000e+02 2.002166e-07
4.290000e+02 1.349350e-07
4.300000e+02 1.768863e-07
4.310000e+02 2.778887e-07
4.320000e+02 1.591063e-07
4.330000e+02 2.261738e-07
4.340000e+02 2.477368e-07
4.350000e+02 1.559878e-07
4.360000e+02 1.787027e-07
4.370000e+02 2.262379e-07
4.380000e+02 1.823151e-07
4.390000e+02 1.618438e-07
4.400000e+02 1.555260e-07
4.410000e+02 2.346725e-07
4.420000e+02 1.655762e-07
4.430000e+02 2.019426e-07
4.440000e+02 2.367573e-07
4.450000e+02 1.639645e-07
4.460000e+02 1.916947e-07
4.470000e+02 2.091416e-07
4.480000e+02 1.628737e-07
4.490000e+02 2.033288e-07
4.500000e+02 1.413027e-07
4.510000e+02 1.804583e-07
4.520000e+02 1.743748e-07
4.530000e+02 1.893167e-07
4.540000e+02 2.179296e-07
4.550000e+02 1.572126e-07
4.560000e+02 1.971148e-07
4.570000e+02 2.048094e-07
4.580000e+02 1.448286e-07
4.590000e+02 2.426665e-07
4.600000e+02 1.363982e-07
4.610000e+02 1.335662e-07
4.620000e+02 1.807833e-07
4.630000e+02 1.901057e-07
4.640000e+02 1.935177e-07
4.650000e+02 1.362855e-07
4.660000e+02 1.919074e-07
4.670000e+02 2.113192e-07
4.680000e+02 1.338815e-07
4.690000e+02 2.613451e-07
4.700000e+02 1.395541e-07
4.710000e+02 1.075092e-07
4.720000e+02 1.794676e-07
4.730000e+02 1.992717e-07
4.740000e+02 1.690214e-07
4.750000e+02 1.087193e-07
4.760000e+02 1.784658e-07
4.770000e+02 2.211349e-07
4.780000e+02 1.305637e-07
4.790000e+02 2.521827e-07
4.800000e+02 1.460565e-07
4.810000e+02 1.092629e-07
4.820000e+02 1.709317e-07
4.830000e+02 2.121096e-07
4.840000e+02 1.513733e-07
4.850000e+02 8.295382e-08
4.860000e+02 1.607601e-07
4.870000e+02 2.271410e-07
4.880000e+02 1.344569e-07
4.890000e+02 2.182087e-07
4.900000e+02 1.508992e-07
4.910000e+02 1.349216e-07
4.920000e+02 1.561367e-07
4.930000e+02 2.207807e-07
4.940000e+02 1.426693e-07
4.950000e+02 6.745769e-08
4.960000e+02 1.449758e-07
4.970000e+02 2.234458e-07
4.980000e+02 1.424050e-07
4.990000e+02 1.712911e-07
5.000000e+02 1.499042e-07
5.010000e+02 1.717244e-07
5.020000e+02 1.388601e-07
5.030000e+02 2.194283e-07
5.040000e+02 1.427182e-07
5.050000e+02 6.519836e-08
5.060000e+02 1.359134e-07
5.070000e+02 2.095374e-07
5.080000e+02 1.504094e-07
5.090000e+02 1.263511e-07
5.100000e+02 1.420534e-07
5.110000e+02 2.054563e-07
5.120000e+02 1.236192e-07
5.130000e+02 2.088690e-07
5.140000e+02 1.485699e-07
5.150000e+02 7.597627e-08
5.160000e+02 1.355354e-07
5.170000e+02 1.879456e-07
5.180000e+02 1.541308e-07
5.190000e+02 9.657589e-08
5.200000e+02 1.295550e-07
5.210000e+02 2.218961e-07
5.220000e+02 1.134119e-07
5.230000e+02 1.915065e-07
5.240000e+02 1.546073e-07
5.250000e+02 9.319535e-08
5.260000e+02 1.424770e-07
5.270000e+02 1.648112e-07
5.280000e+02 1.519018e-07
5.290000e+02 8.996729e-08
5.300000e+02 1.161644e-07
5.310000e+02 2.149013e-07
5.320000e+02 1.093528e-07
5.330000e+02 1.728861e-07
5.340000e+02 1.563851e-07
5.350000e+02 1.098650e-07
5.360000e+02 1.526187e-07
5.370000e+02 1.469184e-07
5.380000e+02 1.427993e-07
5.390000e+02 1.049496e-07
5.400000e+02 1.066208e-07
5.410000e+02 1.864911e-07
5.420000e+02 1.109035e-07
5.430000e+02 1.586911e-07
5.440000e+02 1.507758e-07
5.450000e+02 1.186157e-07
5.460000e+02 1.611887e-07
5.470000e+02 1.377789e-07
5.480000e+02 1.293040e-07
5.490000e+02 1.328541e-07
5.500000e+02 1.031166e-07
5.510000e+02 1.465680e-07
5.520000e+02 1.162197e-07
5.530000e+02 1.531384e-07
5.540000e+02 1.374362e-07
5.550000e+02 1.164936e-07
5.560000e+02 1.646759e-07
5.570000e+02 1.394023e-07
5.580000e+02 1.145494e-07
5.590000e+02 1.615771e-07
5.600000e+02 1.061372e-07
5.610000e+02 1.086865e-07
5.620000e+02 1.221532e-07
5.630000e+02 1.559213e-07
5.640000e+02 1.197215e-07
5.650000e+02 1.039032e-07
5.660000e+02 1.612154e-07
5.670000e+02 1.478437e-07
5.680000e+02 1.027613e-07
5.690000e+02 1.790975e-07
5.700000e+02 1.132209e-07
5.710000e+02 8.481342e-08
5.720000e+02 1.253161e-07
5.730000e+02 1.642474e-07
5.740000e+02 1.020705e-07
5.750000e+02 8.578600e-08
5.760000e+02 1.524049e-07
5.770000e+02 1.574385e-07
5.780000e+02 9.642853e-08
5.790000e+02 1.783236e-07
5.800000e+02 1.197319e-07
5.810000e+02 8.272215e-08
5.820000e+02 1.235178e-07
5.830000e+02 1.731671e-07
5.840000e+02 8.962973e-08
5.850000e+02 6.882610e-08
5.860000e+02 1.404107e-07
5.870000e+02 1.630585e-07
5.880000e+02 9.644427e-08
5.890000e+02 1.598371e-07
5.900000e+02 1.220707e-07
5.910000e+02 1.002077e-07
5.920000e+02 1.176110e-07
5.930000e+02 1.774937e-07
5.940000e+02 8.462691e-08
5.950000e+02 5.920912e-08
5.960000e+02 1.306228e-07
5.970000e+02 1.602766e-07
5.980000e+02 1.016162e-07
5.990000e+02 1.301536e-07
6.000000e+02 1.183895e-07
6.010000e+02 1.301472e-07
6.020000e+02 1.083246e-07
6.030000e+02 1.743707e-07
6.040000e+02 8.739484e-08
6.050000e+02 5.984305e-08
6.060000e+02 1.247577e-07
6.070000e+02 1.482875e-07
6.080000e+02 1.091899e-07
6.090000e+02 1.000986e-07
6.100000e+02 1.084311e-07
6.110000e+02 1.598857e-07
6.120000e+02 9.798561e-08
6.130000e+02 1.638895e-07
6.140000e+02 9.463572e-08
6.150000e+02 6.991437e-08
6.160000e+02 1.250045e-07
6.170000e+02 1.300669e-07
6.180000e+02 1.154242e-07
6.190000e+02 7.858455e-08
6.200000e+02 9.555908e-08
6.210000e+02 1.781800e-07
6.220000e+02 8.902314e-08
6.230000e+02 1.489316e-07
6.240000e+02 1.029873e-07
6.250000e+02 8.534051e-08
6.260000e+02 1.300395e-07
6.270000e+02 1.112790e-07
6.280000e+02 1.181444e-07
6.290000e+02 7.233951e-08
6.300000e+02 8.402105e-08
6.310000e+02 1.785755e-07
6.320000e+02 8.355049e-08
6.330000e+02 1.345853e-07
6.340000e+02 1.070730e-07
6.350000e+02 1.003396e-07
6.360000e+02 1.371039e-07
6.370000e+02 9.710497e-08
6.380000e+02 1.152727e-07
6.390000e+02 8.139401e-08
6.400000e+02 7.770597e-08
6.410000e+02 1.607067e-07
6.420000e+02 8.195688e-08
6.430000e+02 1.247760e-07
6.440000e+02 1.049993e-07
6.450000e+02 1.090276e-07
6.460000e+02 1.424210e-07
6.470000e+02 9.169198e-08
6.480000e+02 1.073231e-07
6.490000e+02 1.002275e-07
6.500000e+02 7.874824e-08
6.510000e+02 1.303319e-07
6.520000e+02 8.345814e-08
6.530000e+02 1.225096e-07
6.540000e+02 9.607103e-08
6.550000e+02 1.085491e-07
6.560000e+02 1.439664e-07
6.570000e+02 9.557781e-08
6.580000e+02 9.640538e-08
6.590000e+02 1.208150e-07
6.600000e+02 8.617106e-08
6.610000e+02 9.943229e-08
6.620000e+02 8.693394e-08
6.630000e+02 1.274024e-07
6.640000e+02 8.263328e-08
6.650000e+02 9.997639e-08
6.660000e+02 1.402334e-07
6.670000e+02 1.058056e-07
6.680000e+02 8.569084e-08
6.690000e+02 1.345144e-07
6.700000e+02 9.673934e-08
6.710000e+02 7.740773e-08
6.720000e+02 9.021924e-08
6.730000e+02 1.363901e-07
6.740000e+02 6.884542e-08
6.750000e+02 8.647507e-08
6.760000e+02 1.325311e-07
6.770000e+02 1.172019e-07
6.780000e+02 7.768453e-08
6.790000e+02 1.360208e-07
6.800000e+02 1.059174e-07
6.810000e+02 7.157119e-08
6.820000e+02 9.150700e-08
6.830000e+02 1.446886e-07
6.840000e+02 5.888670e-08
6.850000e+02 7.388813e-08
6.860000e+02 1.232590e-07
6.870000e+02 1.243426e-07
6.880000e+02 7.454080e-08
6.890000e+02 1.251399e-07
6.900000e+02 1.094300e-07
6.910000e+02 8.266097e-08
6.920000e+02 9.050719e-08
6.930000e+02 1.480430e-07
6.940000e+02 5.545971e-08
6.950000e+02 6.690130e-08
6.960000e+02 1.156169e-07
6.970000e+02 1.235043e-07
6.980000e+02 7.616507e-08
6.990000e+02 1.060293e-07
7.000000e+02 1.054415e-07
7.010000e+02 1.054353e-07
7.020000e+02 8.667051e-08
7.030000e+02 1.439845e-07
7.040000e+02 5.880630e-08
7.050000e+02 6.844624e-08
7.060000e+02 1.119624e-07
7.070000e+02 1.135200e-07
7.080000e+02 8.148787e-08
7.090000e+02 8.568859e-08
7.100000e+02 9.446579e-08
7.110000e+02 1.307722e-07
7.120000e+02 8.137622e-08
7.130000e+02 1.332006e-07
7.140000e+02 6.700346e-08
7.150000e+02 7.780581e-08
7.160000e+02 1.129762e-07
7.170000e+02 9.777337e-08
7.180000e+02 8.785578e-08
7.190000e+02 7.138733e-08
7.200000e+02 8.028356e-08
7.210000e+02 1.491018e-07
7.220000e+02 7.533277e-08
7.230000e+02 1.185403e-07
7.240000e+02 7.646137e-08
7.250000e+02 9.162856e-08
7.260000e+02 1.173196e-07
7.270000e+02 8.049233e-08
7.280000e+02 9.266222e-08
7.290000e+02 6.751380e-08
7.300000e+02 6.775458e-08
7.310000e+02 1.535358e-07
7.320000e+02 7.048225e-08
7.330000e+02 1.050003e-07
7.340000e+02 8.294847e-08
7.350000e+02 1.049840e-07
7.360000e+02 1.229434e-07
7.370000e+02 6.786085e-08
7.380000e+02 9.374161e-08
7.390000e+02 7.444440e-08
7.400000e+02 6.088932e-08
7.410000e+02 1.427188e-07
7.420000e+02 6.709088e-08
7.430000e+02 9.659364e-08
7.440000e+02 8.379511e-08
7.450000e+02 1.132222e-07
7.460000e+02 1.265866e-07
7.470000e+02 6.325197e-08
7.480000e+02 9.054630e-08
7.490000e+02 8.834672e-08
7.500000e+02 6.250062e-08
7.510000e+02 1.204724e-07
7.520000e+02 6.603994e-08
7.530000e+02 9.565223e-08
7.540000e+02 7.810267e-08
7.550000e+02 1.135340e-07
7.560000e+02 1.263596e-07
7.570000e+02 6.797640e-08
7.580000e+02 8.376200e-08
7.590000e+02 1.030804e-07
7.600000e+02 7.158898e-08
7.610000e+02 9.531180e-08
7.620000e+02 6.661387e-08
7.630000e+02 1.018961e-07
7.640000e+02 6.816919e-08
7.650000e+02 1.067150e-07
7.660000e+02 1.219462e-07
7.670000e+02 7.915330e-08
7.680000e+02 7.530962e-08
7.690000e+02 1.128036e-07
7.700000e+02 8.453189e-08
7.710000e+02 7.558857e-08
7.720000e+02 6.825188e-08
7.730000e+02 1.120138e-07
7.740000e+02 5.695860e-08
7.750000e+02 9.551188e-08
7.760000e+02 1.140141e-07
7.770000e+02 9.218336e-08
7.780000e+02 6.754673e-08
7.790000e+02 1.133640e-07
7.800000e+02 9.678532e-08
7.810000e+02 6.776771e-08
7.820000e+02 6.988280e-08
7.830000e+02 1.211983e-07
7.840000e+02 4.847778e-08
7.850000e+02 8.456289e-08
7.860000e+02 1.053184e-07
7.870000e+02 1.015856e-07
7.880000e+02 6.248882e-08
7.890000e+02 1.052510e-07
7.900000e+02 1.031011e-07
7.910000e+02 7.398957e-08
7.920000e+02 7.099570e-08
7.930000e+02 1.254012e-07
7.940000e+02 4.560228e-08
7.950000e+02 7.876688e-08
7.960000e+02 9.870931e-08
7.970000e+02 1.034392e-07
7.980000e+02 6.139868e-08
7.990000e+02 9.131047e-08
8.000000e+02 1.009137e-07
8.010000e+02 9.084794e-08
8.020000e+02 7.105031e-08
8.030000e+02 1.218621e-07
8.040000e+02 4.907238e-08
8.050000e+02 8.020328e-08
8.060000e+02 9.609630e-08
8.070000e+02 9.630950e-08
8.080000e+02 6.380068e-08
8.090000e+02 7.748998e-08
8.100000e+02 9.077780e-08
8.110000e+02 1.115831e-07
8.120000e+02 6.962292e-08
8.130000e+02 1.112502e-07
8.140000e+02 5.725963e-08
8.150000e+02 8.851800e-08
8.160000e+02 9.757733e-08
8.170000e+02 8.251177e-08
8.180000e+02 6.846007e-08
8.190000e+02 6.878209e-08
8.200000e+02 7.582678e-08
8.210000e+02 1.280910e-07
8.220000e+02 6.735537e-08
8.230000e+02 9.659948e-08
8.240000e+02 6.732328e-08
8.250000e+02 1.010446e-07
8.260000e+02 1.023737e-07
8.270000e+02 6.668350e-08
8.280000e+02 7.329928e-08
8.290000e+02 6.837249e-08
8.300000e+02 6.143702e-08
8.310000e+02 1.340575e-07
8.320000e+02 6.439159e-08
8.330000e+02 8.267864e-08
8.340000e+02 7.523315e-08
8.350000e+02 1.131670e-07
8.360000e+02 1.077598e-07
8.370000e+02 5.423153e-08
8.380000e+02 7.657844e-08
8.390000e+02 7.590729e-08
8.400000e+02 5.251167e-08
8.410000e+02 1.278892e-07
8.420000e+02 6.157196e-08
8.430000e+02 7.382453e-08
8.440000e+02 7.826057e-08
8.450000e+02 1.207518e-07
8.460000e+02 1.109229e-07
8.470000e+02 4.930554e-08
8.480000e+02 7.678869e-08
8.490000e+02 8.810473e-08
8.500000e+02 5.218432e-08
8.510000e+02 1.116287e-07
8.520000e+02 5.912971e-08
8.530000e+02 7.299551e-08
8.540000e+02 7.561651e-08
8.550000e+02 1.211316e-07
8.560000e+02 1.099893e-07
8.570000e+02 5.347547e-08
8.580000e+02 7.399298e-08
8.590000e+02 9.944011e-08
8.600000e+02 6.063571e-08
8.610000e+02 9.156893e-08
8.620000e+02 5.748866e-08
8.630000e+02 7.960289e-08
8.640000e+02 6.827173e-08
8.650000e+02 1.148382e-07
8.660000e+02 1.047922e-07
8.670000e+02 6.482370e-08
8.680000e+02 6.870118e-08
8.690000e+02 1.057828e-07
8.700000e+02 7.464489e-08
8.710000e+02 7.490666e-08
8.720000e+02 5.683839e-08
8.730000e+02 9.086487e-08
8.740000e+02 5.923427e-08
8.750000e+02 1.043394e-07
8.760000e+02 9.636565e-08
8.770000e+02 7.919687e-08
8.780000e+02 6.264476e-08
8.790000e+02 1.041614e-07
8.800000e+02 8.924593e-08
8.810000e+02 6.715553e-08
8.820000e+02 5.732245e-08
8.830000e+02 1.018292e-07
8.840000e+02 5.187246e-08
8.850000e+02 9.418707e-08
8.860000e+02 8.743530e-08
8.870000e+02 9.075955e-08
8.880000e+02 5.742754e-08
8.890000e+02 9.560495e-08
8.900000e+02 9.889900e-08
8.910000e+02 7.063004e-08
8.920000e+02 5.845027e-08
8.930000e+02 1.080885e-07
8.940000e+02 4.923115e-08
8.950000e+02 8.821693e-08
8.960000e+02 8.071974e-08
8.970000e+02 9.564228e-08
8.980000e+02 5.456378e-08
8.990000e+02 8.344218e-08
9.000000e+02 9.998823e-08
9.010000e+02 8.313194e-08
9.020000e+02 6.013031e-08
9.030000e+02 1.061905e-07
9.040000e+02 5.225468e-08
9.050000e+02 8.900601e-08
9.060000e+02 7.827787e-08
9.070000e+02 9.154134e-08
9.080000e+02 5.445131e-08
9.090000e+02 7.282222e-08
9.100000e+02 9.204710e-08
9.110000e+02 9.961801e-08
9.120000e+02 6.175725e-08
9.130000e+02 9.683609e-08
9.140000e+02 6.018729e-08
9.150000e+02 9.648131e-08
9.160000e+02 8.035274e-08
9.170000e+02 8.021958e-08
9.180000e+02 5.677810e-08
9.190000e+02 6.793518e-08
9.200000e+02 7.763173e-08
9.210000e+02 1.133247e-07
9.220000e+02 6.295539e-08
9.230000e+02 8.232256e-08
9.240000e+02 7.011488e-08
9.250000e+02 1.078890e-07
9.260000e+02 8.587404e-08
9.270000e+02 6.568012e-08
9.280000e+02 6.039725e-08
9.290000e+02 7.112162e-08
9.300000e+02 6.195924e-08
9.310000e+02 1.190558e-07
9.320000e+02 6.298749e-08
9.330000e+02 6.776896e-08
9.340000e+02 7.877328e-08
9.350000e+02 1.189298e-07
9.360000e+02 9.181511e-08
9.370000e+02 5.334927e-08
9.380000e+02 6.405712e-08
9.390000e+02 8.101608e-08
9.400000e+02 5.043009e-08
9.410000e+02 1.149669e-07
9.420000e+02 6.196910e-08
9.430000e+02 5.802235e-08
9.440000e+02 8.348700e-08
9.450000e+02 1.259965e-07
9.460000e+02 9.565629e-08
9.470000e+02 4.759505e-08
9.480000e+02 6.627404e-08
9.490000e+02 9.402819e-08
9.500000e+02 4.718832e-08
9.510000e+02 1.026265e-07
9.520000e+02 5.986999e-08
9.530000e+02 5.620600e-08
9.540000e+02 8.279111e-08
9.550000e+02 1.260958e-07
9.560000e+02 9.503691e-08
9.570000e+02 5.072696e-08
9.580000e+02 6.653121e-08
9.590000e+02 1.046618e-07
9.600000e+02 5.339479e-08
9.610000e+02 8.676766e-08
9.620000e+02 5.714487e-08
9.630000e+02 6.264447e-08
9.640000e+02 7.751323e-08
9.650000e+02 1.196339e-07
9.660000e+02 8.974020e-08
9.670000e+02 6.154663e-08
9.680000e+02 6.458606e-08
9.690000e+02 1.089725e-07
9.700000e+02 6.686082e-08
9.710000e+02 7.352798e-08
9.720000e+02 5.460343e-08
9.730000e+02 7.465681e-08
9.740000e+02 7.021303e-08
9.750000e+02 1.091467e-07
9.760000e+02 8.083666e-08
9.770000e+02 7.629623e-08
9.780000e+02 6.125622e-08
9.790000e+02 1.049266e-07
9.800000e+02 8.262274e-08
9.810000e+02 6.748147e-08
9.820000e+02 5.297818e-08
9.830000e+02 8.752236e-08
9.840000e+02 6.389995e-08
9.850000e+02 9.854721e-08
9.860000e+02 7.141937e-08
9.870000e+02 8.964894e-08
9.880000e+02 5.753112e-08
9.890000e+02 9.407278e-08
9.900000e+02 9.518899e-08
9.910000e+02 7.040836e-08
9.920000e+02 5.279875e-08
9.930000e+02 9.620519e-08
9.940000e+02 6.145178e-08
9.950000e+02 9.201113e-08
9.960000e+02 6.411239e-08
9.970000e+02 9.718536e-08
9.980000e+02 5.447485e-08
9.990000e+02 8.086060e-08
1.000000e+03 9.987515e-08
